"","EPN03","EPN04","GN01","GN03","EPN02","EPNO5","EPN01","GN02","HGG01","MB04","MB06","MB02","MB01","MB03","MB05","MB07","GN06","HGG04","A01","LGG02","LGG03","LGG04","PA01","PA02","PA03","PA04","PA05","PA06","PA07","GN04","GN05","A02","HGG02","ATRT02","ATRT01","ATRT03","HGG03","LGG01"
"EPN03",1,0.78721205241939,0.740355115423923,0.721792396645697,0.88624883014636,0.843958101533578,0.853171950471352,0.768666917847164,0.755815412426785,0.671951656195952,0.594676960028268,0.617520989771569,0.610648568024685,0.605687603694695,0.620680352941496,0.61347396826952,0.707693088585463,0.586101899189881,0.697220417626579,0.756950594977679,0.685238264540142,0.70558379227156,0.657032128079819,0.671355684604713,0.664544834963428,0.657412219294874,0.7248318828787,0.707375049776394,0.665252054195987,0.755858749547047,0.653344059007403,0.579316636619288,0.716747536655403,0.600419926579876,0.606915765829393,0.614002566310205,0.643263235326861,0.661165063762136
"EPN04",0.78721205241939,1,0.691988691063074,0.729232488375471,0.764995797211602,0.7424764110396,0.790015344889287,0.750055411477957,0.705731255135995,0.633433089312295,0.537481497906267,0.599669641836066,0.564146549220934,0.580611594013405,0.589502859830148,0.579174462026895,0.673894083424872,0.576533155265789,0.660507607608556,0.724660837760966,0.687057446759463,0.697740242341551,0.636997144288106,0.672424924101923,0.656965619765276,0.673205999505409,0.693616736401557,0.687246659017019,0.650281993754393,0.723702166050263,0.627312397548001,0.609714791117926,0.68931745459633,0.590896252893528,0.607558510694814,0.61573506677152,0.646830371578979,0.676678684617992
"GN01",0.740355115423923,0.691988691063074,1,0.669548794905366,0.673500041451731,0.681891448758287,0.719846974207073,0.703336231060785,0.879766067315073,0.725997000328436,0.640033481787325,0.680437630390397,0.644673866592208,0.665090780163948,0.674652979325634,0.649051117380332,0.673873822289057,0.6045860193833,0.608475276619073,0.715261200822836,0.673368535957778,0.658836645850904,0.583761752583296,0.655638277160958,0.592702143058667,0.640103520793523,0.649793570390925,0.651774661822464,0.623265258341635,0.674782228038688,0.586188720978143,0.588213126667356,0.676152448828476,0.645767481482355,0.643236213649747,0.656031265869403,0.647141952389254,0.712878028887994
"GN03",0.721792396645697,0.729232488375471,0.669548794905366,1,0.717011180222979,0.634133623545488,0.73693152365054,0.786369267859897,0.687970528097959,0.652090503056351,0.587743530501516,0.603775443085628,0.570034088072216,0.607895698556599,0.613319739539164,0.585445946217287,0.622509766276668,0.515235818498017,0.571072636278741,0.631740071493495,0.618076185386037,0.626150600156643,0.581673643540821,0.615151005164428,0.5749023044282,0.608850769904538,0.581051724498442,0.610138116596296,0.594524200772821,0.699242036370795,0.521373423708041,0.580269222347759,0.66670762105793,0.625923269902229,0.651504063536279,0.682861103351285,0.662539562121005,0.65440382196401
"EPN02",0.88624883014636,0.764995797211602,0.673500041451731,0.717011180222979,1,0.81169428229578,0.808380680485891,0.749701323995357,0.698372777340352,0.588729285344089,0.522027445741283,0.532407781619692,0.5198296941907,0.552966828559283,0.54064716452606,0.53825685149244,0.685471145346145,0.589769174896324,0.726411782434296,0.726666126731395,0.660483371700382,0.68632283566168,0.670799117596835,0.65281824705493,0.663138669352722,0.640282104122118,0.708581059649397,0.705503784962388,0.663801544304915,0.74283211966302,0.677960369093827,0.580770119717499,0.676745373117478,0.523557553838427,0.535677919345843,0.545719478901678,0.587450004169334,0.6147214394721
"EPNO5",0.843958101533578,0.7424764110396,0.681891448758287,0.634133623545488,0.81169428229578,1,0.778592178453808,0.744785432412041,0.716927865361962,0.570197333146655,0.473086586593921,0.531130318052304,0.49777320182977,0.515079113010419,0.515801689564478,0.5262972335493,0.760565292383572,0.650219441854177,0.798947516655816,0.768111460588312,0.755261757082211,0.777386330373909,0.751482320839325,0.738762367532887,0.771708436754478,0.724653436823027,0.825728193483514,0.790557596665644,0.743873844211484,0.796701604242631,0.765495294274276,0.62838434189496,0.70911231834308,0.493053543437601,0.568796778743636,0.538292946205328,0.627432493955242,0.663138127641767
"EPN01",0.853171950471352,0.790015344889287,0.719846974207073,0.73693152365054,0.808380680485891,0.778592178453808,1,0.798662713936738,0.764323593998435,0.717632265475859,0.648924799691718,0.644602151301453,0.620460009129659,0.662122765655664,0.650412774484131,0.659130031063837,0.703558889384467,0.609142987483056,0.701321241045975,0.746951879397998,0.702542915230285,0.717617098785436,0.692261866516012,0.706597200043405,0.685442151532134,0.690630105320144,0.70166428286788,0.721660768643853,0.69144326127869,0.73767616284887,0.626942459797783,0.680570393267939,0.713066269666336,0.646825592114958,0.679547583880913,0.682399184239273,0.676357418278824,0.705726929650237
"GN02",0.768666917847164,0.750055411477957,0.703336231060785,0.786369267859897,0.749701323995357,0.744785432412041,0.798662713936738,1,0.744353554701946,0.66640662266283,0.568000562451877,0.62845774473273,0.5920716419957,0.627431639034325,0.603862251020541,0.627350427260733,0.742495403174089,0.700000299558055,0.73022612318442,0.809810173331794,0.806669159495198,0.816092931407568,0.746422984325487,0.792514202212801,0.744186387129729,0.779409752147378,0.761649228344586,0.808495533693792,0.760443176091676,0.788015330227025,0.705071956495438,0.709560171844015,0.727624427727182,0.603772249929853,0.68914767127159,0.671526847239921,0.733195810852795,0.772650038094137
"HGG01",0.755815412426785,0.705731255135995,0.879766067315073,0.687970528097959,0.698372777340352,0.716927865361962,0.764323593998435,0.744353554701946,1,0.727093662271938,0.646367156543315,0.686018822880797,0.645913034697088,0.701734586739328,0.671277096418728,0.688972020339783,0.712362008158018,0.652213773458617,0.685266358204056,0.740964440419101,0.720401471317052,0.72084246290025,0.694482464058602,0.712294393943657,0.675910443319787,0.673161919476251,0.691318611560859,0.712666818602488,0.704793032936793,0.71537740267303,0.624386030000687,0.68136909304338,0.721076265896586,0.648233467268844,0.692125890103812,0.684290134391334,0.702275847850135,0.724030210009645
"MB04",0.671951656195952,0.633433089312295,0.725997000328436,0.652090503056351,0.588729285344089,0.570197333146655,0.717632265475859,0.66640662266283,0.727093662271938,1,0.754170262703897,0.76274768619933,0.73358728726688,0.775100763654472,0.783786937484116,0.764194449720323,0.596006836511885,0.55085853945959,0.527618906777712,0.644388879988871,0.604593973973187,0.591415189117089,0.538341661173191,0.602497658573533,0.527609549964598,0.590568369047848,0.550974548431493,0.585568857750562,0.559417759603014,0.614233963493719,0.490507349880325,0.616065608324535,0.612723635315044,0.704496990803735,0.668520761347236,0.709277592077046,0.64702851543263,0.694565587085148
"MB06",0.594676960028268,0.537481497906267,0.640033481787325,0.587743530501516,0.522027445741283,0.473086586593921,0.648924799691718,0.568000562451877,0.646367156543315,0.754170262703897,1,0.737925856043624,0.721117210773352,0.7630492258995,0.759652188838075,0.734944067636077,0.520302593070888,0.464643514568459,0.424843955374981,0.520473678423486,0.489930111074672,0.479335828793979,0.434655492437428,0.483674407364236,0.415839549321596,0.485998554039573,0.436004771789555,0.480079612965531,0.466092096944248,0.488121151219409,0.392529934628528,0.505524559298733,0.521197274186765,0.716429743120068,0.641198980125452,0.700931617598517,0.571799128894267,0.586157753162604
"MB02",0.617520989771569,0.599669641836066,0.680437630390397,0.603775443085628,0.532407781619692,0.531130318052304,0.644602151301453,0.62845774473273,0.686018822880797,0.76274768619933,0.737925856043624,1,0.869450199691666,0.822795669244666,0.819871430743407,0.852743908654097,0.549785266129078,0.553699134748828,0.485437450196424,0.604898213240431,0.575365712990801,0.583143031258841,0.519386687191747,0.580871875394958,0.513895274077428,0.566127622527687,0.530682077465149,0.550964174411569,0.538555910070929,0.532666562362539,0.484403267677214,0.548902947378826,0.590161769183987,0.667050779129557,0.642726148936362,0.666018403614813,0.649642021719316,0.631470239463393
"MB01",0.610648568024685,0.564146549220934,0.644673866592208,0.570034088072216,0.5198296941907,0.49777320182977,0.620460009129659,0.5920716419957,0.645913034697088,0.73358728726688,0.721117210773352,0.869450199691666,1,0.798102076204071,0.801670658067534,0.829644676764433,0.510959011018686,0.503557967720355,0.441955087886789,0.560627594437645,0.53023965003489,0.538778925290652,0.464000363894128,0.52908831710707,0.459282737666717,0.525075503033321,0.494876447200336,0.498212354955736,0.485585233853363,0.487516880631588,0.448175781839294,0.485310589805453,0.584444231698725,0.656134351213373,0.612229969584219,0.620853916325093,0.618373048822997,0.589714479799467
"MB03",0.605687603694695,0.580611594013405,0.665090780163948,0.607895698556599,0.552966828559283,0.515079113010419,0.662122765655664,0.627431639034325,0.701734586739328,0.775100763654472,0.7630492258995,0.822795669244666,0.798102076204071,1,0.803855755300923,0.827404972789833,0.559557169707113,0.569879503922283,0.503037834361403,0.600761572858234,0.564741942681468,0.55936418758701,0.534292037156787,0.566295078345624,0.489764186230149,0.549082125572824,0.509406453240559,0.544478652757834,0.548037057643522,0.536787151433829,0.466110566560103,0.601912433007796,0.564819870022707,0.642254560739885,0.609575234578401,0.659093979306524,0.607921417969278,0.6277098847133
"MB05",0.620680352941496,0.589502859830148,0.674652979325634,0.613319739539164,0.54064716452606,0.515801689564478,0.650412774484131,0.603862251020541,0.671277096418728,0.783786937484116,0.759652188838075,0.819871430743407,0.801670658067534,0.803855755300923,1,0.80941533191894,0.560425448112634,0.526043442641524,0.485215906389279,0.590726388659348,0.563523250561,0.568637554465362,0.509645263095382,0.568755912512094,0.493594295658165,0.555417756433901,0.517343792669543,0.543319964786794,0.526979001254233,0.540929590420053,0.459451199778613,0.551954761034684,0.569879381981017,0.664186948056266,0.620623347738123,0.662568388510076,0.62715237571226,0.638411277058787
"MB07",0.61347396826952,0.579174462026895,0.649051117380332,0.585445946217287,0.53825685149244,0.5262972335493,0.659130031063837,0.627350427260733,0.688972020339783,0.764194449720323,0.734944067636077,0.852743908654097,0.829644676764433,0.827404972789833,0.80941533191894,1,0.556435176787231,0.541459899705343,0.505841310871586,0.589855235617776,0.568718957648207,0.578715089306435,0.560298432581583,0.582718912348758,0.517466125425019,0.556489791151234,0.528395394518198,0.555793240340269,0.562466486237859,0.531535889824242,0.463367827785666,0.593268447225332,0.589415506039355,0.636915368260269,0.620732996279974,0.642505317885011,0.649218631330078,0.6216755928938
"GN06",0.707693088585463,0.673894083424872,0.673873822289057,0.622509766276668,0.685471145346145,0.760565292383572,0.703558889384467,0.742495403174089,0.712362008158018,0.596006836511885,0.520302593070888,0.549785266129078,0.510959011018686,0.559557169707113,0.560425448112634,0.556435176787231,1,0.711912087494896,0.764488444657279,0.756590561299932,0.765551502789708,0.763263086859239,0.73360851254109,0.762350401672094,0.755964235499393,0.737042949265675,0.761249535708956,0.774635097655272,0.746784875709381,0.773248892238056,0.719088744938373,0.67265362171748,0.683964161046349,0.528990655664264,0.603533138237573,0.579620304951067,0.668893192066529,0.719033488157226
"HGG04",0.586101899189881,0.576533155265789,0.6045860193833,0.515235818498017,0.589769174896324,0.650219441854177,0.609142987483056,0.700000299558055,0.652213773458617,0.55085853945959,0.464643514568459,0.553699134748828,0.503557967720355,0.569879503922283,0.526043442641524,0.541459899705343,0.711912087494896,1,0.712962508485552,0.790894822161463,0.709079413752234,0.70289898818949,0.672644649736247,0.692421892131249,0.682413547962877,0.672461556901668,0.693253999112057,0.737845789918211,0.672948020388045,0.644853062642554,0.806168512203626,0.638277715035813,0.574223245549009,0.416167618254659,0.47991503253691,0.462964857872441,0.532649136308396,0.658286447546835
"A01",0.697220417626579,0.660507607608556,0.608475276619073,0.571072636278741,0.726411782434296,0.798947516655816,0.701321241045975,0.73022612318442,0.685266358204056,0.527618906777712,0.424843955374981,0.485437450196424,0.441955087886789,0.503037834361403,0.485215906389279,0.505841310871586,0.764488444657279,0.712962508485552,1,0.74590482919708,0.783059782570539,0.796794216831671,0.865035398308329,0.78680164736324,0.858964213490054,0.760145737160681,0.813171134366391,0.847418187841777,0.841657400412498,0.790249357936479,0.81370674097799,0.732419853207233,0.66969215229369,0.450177030040998,0.551386497784092,0.513691358659399,0.611351488487204,0.662131939894687
"LGG02",0.756950594977679,0.724660837760966,0.715261200822836,0.631740071493495,0.726666126731395,0.768111460588312,0.746951879397998,0.809810173331794,0.740964440419101,0.644388879988871,0.520473678423486,0.604898213240431,0.560627594437645,0.600761572858234,0.590726388659348,0.589855235617776,0.756590561299932,0.790894822161463,0.74590482919708,1,0.797846969439261,0.796851778529729,0.724573264560504,0.764318898230168,0.742417747064113,0.75386974668165,0.787099799186775,0.821557278676778,0.745547978193004,0.753867399049727,0.791998418271763,0.660752679810185,0.696371406190065,0.534972350770952,0.601078465331397,0.584957192738917,0.667534102105968,0.76944867733305
"LGG03",0.685238264540142,0.687057446759463,0.673368535957778,0.618076185386037,0.660483371700382,0.755261757082211,0.702542915230285,0.806669159495198,0.720401471317052,0.604593973973187,0.489930111074672,0.575365712990801,0.53023965003489,0.564741942681468,0.563523250561,0.568718957648207,0.765551502789708,0.709079413752234,0.783059782570539,0.797846969439261,1,0.921581329064204,0.788849355372479,0.903274255562883,0.828874455306812,0.858136379102009,0.855242719400543,0.880119387910304,0.837812392866617,0.773530610005248,0.726577801706284,0.75881994929827,0.719761652775236,0.560657312949795,0.674338437442422,0.630327472624243,0.759207823172492,0.826121566944921
"LGG04",0.70558379227156,0.697740242341551,0.658836645850904,0.626150600156643,0.68632283566168,0.777386330373909,0.717617098785436,0.816092931407568,0.72084246290025,0.591415189117089,0.479335828793979,0.583143031258841,0.538778925290652,0.55936418758701,0.568637554465362,0.578715089306435,0.763263086859239,0.70289898818949,0.796794216831671,0.796851778529729,0.921581329064204,1,0.811505661665442,0.891587276874633,0.845509937352579,0.857072058502305,0.877878227490388,0.892069682993421,0.845662512896113,0.785391633851006,0.738363319471782,0.750958333948104,0.731359737386394,0.541254558269452,0.663845702082102,0.612570232397806,0.761883493915417,0.79331818529053
"PA01",0.657032128079819,0.636997144288106,0.583761752583296,0.581673643540821,0.670799117596835,0.751482320839325,0.692261866516012,0.746422984325487,0.694482464058602,0.538341661173191,0.434655492437428,0.519386687191747,0.464000363894128,0.534292037156787,0.509645263095382,0.560298432581583,0.73360851254109,0.672644649736247,0.865035398308329,0.724573264560504,0.788849355372479,0.811505661665442,1,0.816243997218309,0.880887511534225,0.786690039140381,0.794304512477378,0.85086764567533,0.881978342429641,0.77293761249915,0.740575708531001,0.757322670406552,0.688187780475362,0.472524270025716,0.599051013904151,0.559077610439855,0.690956706581405,0.6898905242009
"PA02",0.671355684604713,0.672424924101923,0.655638277160958,0.615151005164428,0.65281824705493,0.738762367532887,0.706597200043405,0.792514202212801,0.712294393943657,0.602497658573533,0.483674407364236,0.580871875394958,0.52908831710707,0.566295078345624,0.568755912512094,0.582718912348758,0.762350401672094,0.692421892131249,0.78680164736324,0.764318898230168,0.903274255562883,0.891587276874633,0.816243997218309,1,0.833423916045978,0.852135742576622,0.833167463225002,0.866572175641319,0.838349939644175,0.776692407930878,0.713316452996504,0.775884860158133,0.728984037782934,0.547934600874926,0.668586309084387,0.622696768983047,0.752199316100974,0.791851693439437
"PA03",0.664544834963428,0.656965619765276,0.592702143058667,0.5749023044282,0.663138669352722,0.771708436754478,0.685442151532134,0.744186387129729,0.675910443319787,0.527609549964598,0.415839549321596,0.513895274077428,0.459282737666717,0.489764186230149,0.493594295658165,0.517466125425019,0.755964235499393,0.682413547962877,0.858964213490054,0.742417747064113,0.828874455306812,0.845509937352579,0.880887511534225,0.833423916045978,1,0.831430723207918,0.830184137671311,0.863084821622045,0.883457936720684,0.780375793827091,0.761938187173979,0.73432063775014,0.683944827686438,0.471415208360343,0.598339093708482,0.545050755382821,0.692616617425071,0.714490482327117
"PA04",0.657412219294874,0.673205999505409,0.640103520793523,0.608850769904538,0.640282104122118,0.724653436823027,0.690630105320144,0.779409752147378,0.673161919476251,0.590568369047848,0.485998554039573,0.566127622527687,0.525075503033321,0.549082125572824,0.555417756433901,0.556489791151234,0.737042949265675,0.672461556901668,0.760145737160681,0.75386974668165,0.858136379102009,0.857072058502305,0.786690039140381,0.852135742576622,0.831430723207918,1,0.798724055022588,0.830708859000864,0.834290390212178,0.751723126445229,0.695923127101068,0.727005729263053,0.693635496893516,0.534234124646084,0.637226592272468,0.605245273164308,0.724661967574035,0.781442505135064
"PA05",0.7248318828787,0.693616736401557,0.649793570390925,0.581051724498442,0.708581059649397,0.825728193483514,0.70166428286788,0.761649228344586,0.691318611560859,0.550974548431493,0.436004771789555,0.530682077465149,0.494876447200336,0.509406453240559,0.517343792669543,0.528395394518198,0.761249535708956,0.693253999112057,0.813171134366391,0.787099799186775,0.855242719400543,0.877878227490388,0.794304512477378,0.833167463225002,0.830184137671311,0.798724055022588,1,0.872767105620045,0.804721556604296,0.764139933159178,0.777549963397302,0.69180693930792,0.693714034387444,0.485317300230878,0.591181226602633,0.535888409204416,0.662535864428016,0.721062652505245
"PA06",0.707375049776394,0.687246659017019,0.651774661822464,0.610138116596296,0.705503784962388,0.790557596665644,0.721660768643853,0.808495533693792,0.712666818602488,0.585568857750562,0.480079612965531,0.550964174411569,0.498212354955736,0.544478652757834,0.543319964786794,0.555793240340269,0.774635097655272,0.737845789918211,0.847418187841777,0.821557278676778,0.880119387910304,0.892069682993421,0.85086764567533,0.866572175641319,0.863084821622045,0.830708859000864,0.872767105620045,1,0.857849622562467,0.793683853270478,0.795783934994151,0.750012575300486,0.715364245853157,0.511999959077626,0.633811443340069,0.588389344208782,0.721878044348169,0.771631361050778
"PA07",0.665252054195987,0.650281993754393,0.623265258341635,0.594524200772821,0.663801544304915,0.743873844211484,0.69144326127869,0.760443176091676,0.704793032936793,0.559417759603014,0.466092096944248,0.538555910070929,0.485585233853363,0.548037057643522,0.526979001254233,0.562466486237859,0.746784875709381,0.672948020388045,0.841657400412498,0.745547978193004,0.837812392866617,0.845662512896113,0.881978342429641,0.838349939644175,0.883457936720684,0.834290390212178,0.804721556604296,0.857849622562467,1,0.77788903241536,0.732302910254339,0.754708531292002,0.705966611161638,0.508249745760012,0.633488277248883,0.588181623028769,0.721385725185039,0.739871114694421
"GN04",0.755858749547047,0.723702166050263,0.674782228038688,0.699242036370795,0.74283211966302,0.796701604242631,0.73767616284887,0.788015330227025,0.71537740267303,0.614233963493719,0.488121151219409,0.532666562362539,0.487516880631588,0.536787151433829,0.540929590420053,0.531535889824242,0.773248892238056,0.644853062642554,0.790249357936479,0.753867399049727,0.773530610005248,0.785391633851006,0.77293761249915,0.776692407930878,0.780375793827091,0.751723126445229,0.764139933159178,0.793683853270478,0.77788903241536,1,0.716276552720778,0.678273307088075,0.725014722111901,0.534854574749657,0.634588044372124,0.619532072610909,0.699974563163081,0.73474913385681
"GN05",0.653344059007403,0.627312397548001,0.586188720978143,0.521373423708041,0.677960369093827,0.765495294274276,0.626942459797783,0.705071956495438,0.624386030000687,0.490507349880325,0.392529934628528,0.484403267677214,0.448175781839294,0.466110566560103,0.459451199778613,0.463367827785666,0.719088744938373,0.806168512203626,0.81370674097799,0.791998418271763,0.726577801706284,0.738363319471782,0.740575708531001,0.713316452996504,0.761938187173979,0.695923127101068,0.777549963397302,0.795783934994151,0.732302910254339,0.716276552720778,1,0.615311505218473,0.602351446881639,0.386518913912175,0.467712086733196,0.426176903097968,0.527771781873017,0.631285721803551
"A02",0.579316636619288,0.609714791117926,0.588213126667356,0.580269222347759,0.580770119717499,0.62838434189496,0.680570393267939,0.709560171844015,0.68136909304338,0.616065608324535,0.505524559298733,0.548902947378826,0.485310589805453,0.601912433007796,0.551954761034684,0.593268447225332,0.67265362171748,0.638277715035813,0.732419853207233,0.660752679810185,0.75881994929827,0.750958333948104,0.757322670406552,0.775884860158133,0.73432063775014,0.727005729263053,0.69180693930792,0.750012575300486,0.754708531292002,0.678273307088075,0.615311505218473,1,0.649790636987294,0.537143875734642,0.639911437211066,0.615001912079826,0.674251818002299,0.711989243893405
"HGG02",0.716747536655403,0.68931745459633,0.676152448828476,0.66670762105793,0.676745373117478,0.70911231834308,0.713066269666336,0.727624427727182,0.721076265896586,0.612723635315044,0.521197274186765,0.590161769183987,0.584444231698725,0.564819870022707,0.569879381981017,0.589415506039355,0.683964161046349,0.574223245549009,0.66969215229369,0.696371406190065,0.719761652775236,0.731359737386394,0.688187780475362,0.728984037782934,0.683944827686438,0.693635496893516,0.693714034387444,0.715364245853157,0.705966611161638,0.725014722111901,0.602351446881639,0.649790636987294,1,0.593910581707115,0.6840237331861,0.634508926440207,0.737918245709625,0.710386548301643
"ATRT02",0.600419926579876,0.590896252893528,0.645767481482355,0.625923269902229,0.523557553838427,0.493053543437601,0.646825592114958,0.603772249929853,0.648233467268844,0.704496990803735,0.716429743120068,0.667050779129557,0.656134351213373,0.642254560739885,0.664186948056266,0.636915368260269,0.528990655664264,0.416167618254659,0.450177030040998,0.534972350770952,0.560657312949795,0.541254558269452,0.472524270025716,0.547934600874926,0.471415208360343,0.534234124646084,0.485317300230878,0.511999959077626,0.508249745760012,0.534854574749657,0.386518913912175,0.537143875734642,0.593910581707115,1,0.778739817698045,0.80652621102477,0.683747098804937,0.665129815563655
"ATRT01",0.606915765829393,0.607558510694814,0.643236213649747,0.651504063536279,0.535677919345843,0.568796778743636,0.679547583880913,0.68914767127159,0.692125890103812,0.668520761347236,0.641198980125452,0.642726148936362,0.612229969584219,0.609575234578401,0.620623347738123,0.620732996279974,0.603533138237573,0.47991503253691,0.551386497784092,0.601078465331397,0.674338437442422,0.663845702082102,0.599051013904151,0.668586309084387,0.598339093708482,0.637226592272468,0.591181226602633,0.633811443340069,0.633488277248883,0.634588044372124,0.467712086733196,0.639911437211066,0.6840237331861,0.778739817698045,1,0.821527343609752,0.778430253862832,0.75135695357555
"ATRT03",0.614002566310205,0.61573506677152,0.656031265869403,0.682861103351285,0.545719478901678,0.538292946205328,0.682399184239273,0.671526847239921,0.684290134391334,0.709277592077046,0.700931617598517,0.666018403614813,0.620853916325093,0.659093979306524,0.662568388510076,0.642505317885011,0.579620304951067,0.462964857872441,0.513691358659399,0.584957192738917,0.630327472624243,0.612570232397806,0.559077610439855,0.622696768983047,0.545050755382821,0.605245273164308,0.535888409204416,0.588389344208782,0.588181623028769,0.619532072610909,0.426176903097968,0.615001912079826,0.634508926440207,0.80652621102477,0.821527343609752,1,0.740970647312364,0.737738723249631
"HGG03",0.643263235326861,0.646830371578979,0.647141952389254,0.662539562121005,0.587450004169334,0.627432493955242,0.676357418278824,0.733195810852795,0.702275847850135,0.64702851543263,0.571799128894267,0.649642021719316,0.618373048822997,0.607921417969278,0.62715237571226,0.649218631330078,0.668893192066529,0.532649136308396,0.611351488487204,0.667534102105968,0.759207823172492,0.761883493915417,0.690956706581405,0.752199316100974,0.692616617425071,0.724661967574035,0.662535864428016,0.721878044348169,0.721385725185039,0.699974563163081,0.527771781873017,0.674251818002299,0.737918245709625,0.683747098804937,0.778430253862832,0.740970647312364,1,0.811977842992153
"LGG01",0.661165063762136,0.676678684617992,0.712878028887994,0.65440382196401,0.6147214394721,0.663138127641767,0.705726929650237,0.772650038094137,0.724030210009645,0.694565587085148,0.586157753162604,0.631470239463393,0.589714479799467,0.6277098847133,0.638411277058787,0.6216755928938,0.719033488157226,0.658286447546835,0.662131939894687,0.76944867733305,0.826121566944921,0.79331818529053,0.6898905242009,0.791851693439437,0.714490482327117,0.781442505135064,0.721062652505245,0.771631361050778,0.739871114694421,0.73474913385681,0.631285721803551,0.711989243893405,0.710386548301643,0.665129815563655,0.75135695357555,0.737738723249631,0.811977842992153,1
